0 0 -25960
0 1 11462
0 2 19681
0 3 52541
0 4 47937
0 5 6019
0 6 57661
0 7 56581
0 8 -5605
0 9 -11135
0 10 17325
0 11 29068
0 12 -30354
0 13 5945
0 14 -4648
0 15 -54441
0 16 -29947
0 17 -10092
0 18 -20833
0 19 -48171
0 20 63479
0 21 54447
0 22 -58708
0 23 52504
0 24 -37933
0 25 -16108
0 26 28855
0 27 63647
0 28 33315
0 29 22640
0 30 25648
0 31 8781
0 32 44785
0 33 -16459
0 34 -59167
0 35 13504
0 36 36676
0 37 35813
0 38 -22264
0 39 45994
0 40 -26052
0 41 -23177
0 42 14368
0 43 56035
0 44 49246
0 45 -29611
0 46 -30988
0 47 21372
0 48 -52570
0 49 12621
0 50 31169
0 51 -63392
0 52 21711
0 53 -16269
0 54 63577
0 55 -50392
0 56 26534
0 57 -48083
0 58 -11525
0 59 -3145
0 60 51932
0 61 56199
0 62 17758
0 63 -30642
0 64 55601
0 65 -39156
0 66 -15168
0 67 62886
0 68 -21504
0 69 40569
0 70 52855
0 71 -26918
0 72 -33897
0 73 14193
0 74 3930
0 75 24543
0 76 18662
0 77 -34982
0 78 34010
0 79 27741
0 80 -1251
0 81 -46826
0 82 45004
0 83 12460
0 84 17521
0 85 9825
0 86 -16907
0 87 -16004
0 88 40858
0 89 45029
0 90 12611
0 91 -16415
0 92 -59986
0 93 56096
0 94 -29610
0 95 50699
0 96 -47556
0 97 -54546
0 98 56896
0 99 33468
0 100 49022
0 101 -57096
0 102 34560
0 103 52063
0 104 30919
0 105 -34251
0 106 47922
0 107 24650
0 108 -20778
0 109 48947
0 110 -53275
0 111 25832
0 112 14309
0 113 -54057
0 114 -41785
0 115 50534
0 116 -29595
0 117 -14975
0 118 27746
0 119 21307
0 120 14045
0 121 25035
0 122 27688
0 123 -60665
0 124 -58512
0 125 4698
0 126 54500
0 127 -13786
0 128 -28691
0 129 7018
0 130 4600
0 131 47412
0 132 -6950
0 133 14632
0 134 -38901
0 135 58088
0 136 6115
0 137 62231
0 138 22794
0 139 39214
0 140 18929
0 141 9928
0 142 -9202
0 143 22140
0 144 26631
0 145 40221
0 146 29339
0 147 44650
0 148 39864
0 149 -7342
0 150 -25053
0 151 -25258
0 152 -18280
0 153 24437
0 154 -9649
0 155 -4363
0 156 43703
0 157 42457
0 158 51825
0 159 -47012
0 160 -30369
0 161 -53892
0 162 -55998
0 163 -34501
0 164 -26106
0 165 18848
0 166 59506
0 167 36352
0 168 -49637
0 169 -34550
0 170 -35441
0 171 -57070
0 172 50044
0 173 8341
0 174 -26624
0 175 -47595
0 176 64547
0 177 -22717
0 178 16653
0 179 -51447
0 180 60351
0 181 16035
0 182 -46423
0 183 -47316
0 184 26655
0 185 17661
0 186 21859
0 187 -33945
0 188 -34994
0 189 40216
0 190 2720
0 191 -42721
0 192 65289
0 193 -4606
0 194 22486
0 195 2138
0 196 -36303
0 197 -30238
0 198 26420
0 199 32438
0 200 -32892
0 201 50208
0 202 -56186
0 203 -6661
0 204 52978
0 205 47250
0 206 48324
0 207 47285
0 208 338
0 209 53833
0 210 53890
0 211 50009
0 212 14883
0 213 64463
0 214 46475
0 215 -49237
0 216 -17679
0 217 22770
0 218 -6055
0 219 12337
0 220 -25079
0 221 -3498
0 222 -2444
0 223 20594
0 224 -7747
0 225 6148
0 226 35335
0 227 33746
0 228 35251
0 229 3104
0 230 23657
0 231 24711
0 232 -4097
0 233 32143
0 234 -20743
0 235 32938
0 236 53743
0 237 9023
0 238 9401
0 239 9465
0 240 -387
0 241 -12758
0 242 43569
0 243 -35982
0 244 -18232
0 245 -57455
0 246 -3888
0 247 -59393
0 248 23899
0 249 -340
0 250 36295
0 251 -11960
0 252 -17778
0 253 59072
0 254 61561
0 255 45479
0 256 50332
0 257 60131
0 258 -32270
0 259 41923
0 260 -47426
0 261 -9737
0 262 -6845
0 263 -37993
0 264 11926
0 265 -64288
0 266 6335
0 267 -57550
0 268 -56754
0 269 -32152
0 270 -47840
0 271 7678
0 272 43413
0 273 34874
0 274 -37828
0 275 16603
0 276 1892
0 277 61053
0 278 39968
0 279 -25997
0 280 -9930
0 281 -32788
0 282 -56422
0 283 -2414
0 284 47404
0 285 47057
0 286 -8118
0 287 -21250
0 288 29459
0 289 -54214
0 290 -16214
0 291 31629
0 292 31221
0 293 39619
0 294 16045
0 295 46807
0 296 -33899
0 297 -54091
0 298 45047
0 299 21988
0 300 18077
0 301 -54948
0 302 -8883
0 303 40990
0 304 64074
0 305 -43844
0 306 9669
0 307 48693
0 308 -33441
0 309 33933
0 310 -51639
0 311 34417
0 312 -39119
0 313 44397
0 314 -65226
0 315 -38261
0 316 46725
0 317 46892
0 318 -43243
0 319 23889
0 320 17881
0 321 -18061
0 322 -22844
0 323 22058
0 324 38128
0 325 51828
0 326 -49698
0 327 56470
0 328 -10910
0 329 -7322
0 330 37309
0 331 -4172
0 332 -25925
0 333 43407
0 334 7699
0 335 9646
0 336 -42667
0 337 21546
0 338 -55977
0 339 23666
0 340 45771
0 341 777
0 342 668
0 343 1930
0 344 4626
0 345 -33379
0 346 -23301
0 347 36710
0 348 -20703
0 349 -39669
0 350 -191
0 351 -7707
0 352 -51765
0 353 -59083
0 354 13408
0 355 -51443
0 356 59496
0 357 15956
0 358 -45612
0 359 53621
0 360 -53622
0 361 -44212
0 362 19846
0 363 -50215
0 364 -1379
0 365 197
0 366 -2442
0 367 11655
0 368 -2694
0 369 35488
0 370 -4795
0 371 -35246
0 372 -12806
0 373 -10182
0 374 52024
0 375 45515
0 376 52563
0 377 22182
0 378 -62346
0 379 18881
0 380 -5249
0 381 -30338
0 382 25546
0 383 27224
0 384 8116
0 385 54886
0 386 23029
0 387 -60978
0 388 9271
0 389 16102
0 390 -53325
0 391 26882
0 392 29863
0 393 14095
0 394 58129
0 395 62770
0 396 -19727
0 397 -57306
0 398 -23154
0 399 8996
0 400 -27521
0 401 -62249
0 402 -41197
0 403 -36885
0 404 -36069
0 405 42029
0 406 8847
0 407 -18356
0 408 -53830
0 409 -35066
0 410 2833
0 411 15482
0 412 -18458
0 413 39417
0 414 57498
0 415 55013
0 416 53061
0 417 14287
0 418 -23124
0 419 -17878
0 420 -3028
0 421 -3300
0 422 -26101
0 423 -63456
0 424 -52968
0 425 23489
0 426 31149
0 427 -64754
0 428 -54692
0 429 -37605
0 430 -50447
0 431 121
0 432 48526
0 433 27859
0 434 -52013
0 435 -25831
0 436 -63377
0 437 -36265
0 438 38256
0 439 31036
0 440 29310
0 441 53206
0 442 13470
0 443 -43505
0 444 46668
0 445 -17738
0 446 -12797
0 447 -58885
0 448 7542
0 449 -46851
0 450 1295
0 451 28939
0 452 63394
0 453 -3154
0 454 1182
0 455 39575
0 456 42487
0 457 -16824
0 458 19206
0 459 46241
0 460 35967
0 461 2771
0 462 -55814
0 463 30363
0 464 -39930
0 465 -48635
0 466 17748
0 467 10129
0 468 48036
0 469 -7636
0 470 -2336
0 471 -30560
0 472 36177
0 473 16811
0 474 57038
0 475 38449
0 476 -44803
0 477 -47099
0 478 41372
0 479 45772
0 480 40294
0 481 16304
0 482 -20834
0 483 -40050
0 484 15592
0 485 47922
0 486 15375
0 487 -35828
0 488 -12720
0 489 -14358
0 490 -39023
0 491 35756
0 492 -59021
0 493 17736
0 494 2601
0 495 27954
0 496 -34672
0 497 44636
0 498 -9026
0 499 -12796
0 500 -17737
0 501 -23664
0 502 -55643
0 503 -33620
0 504 9690
0 505 26881
0 506 49461
0 507 -31814
0 508 -35986
0 509 -40270
0 510 48292
0 511 -3338
1 0 12248
1 1 -34140
1 2 12648
1 3 -8541
1 4 -8158
1 5 24292
1 6 39149
1 7 52829
1 8 35290
1 9 -23090
1 10 24701
1 11 41048
1 12 -47860
1 13 -713
1 14 -25813
1 15 -40477
1 16 -28030
1 17 55095
1 18 -18849
1 19 -36546
1 20 -64770
1 21 44218
1 22 36281
1 23 60118
1 24 -20290
1 25 -54106
1 26 61770
1 27 -49588
1 28 12946
1 29 -26650
1 30 -38299
1 31 20481
1 32 -52724
1 33 29414
1 34 43454
1 35 39492
1 36 11620
1 37 18582
1 38 28294
1 39 6149
1 40 25805
1 41 -6118
1 42 -25917
1 43 54091
1 44 54740
1 45 10696
1 46 -286
1 47 -40911
1 48 43221
1 49 -38120
1 50 52470
1 51 38449
1 52 62153
1 53 62204
1 54 32028
1 55 61039
1 56 46955
1 57 5111
1 58 34447
1 59 -46470
1 60 -58369
1 61 42442
1 62 -35870
1 63 19859
1 64 -60493
1 65 -10715
1 66 -6727
1 67 3761
1 68 -53691
1 69 -2212
1 70 -41657
1 71 45426
1 72 -33176
1 73 -38019
1 74 52450
1 75 -15845
1 76 53935
1 77 53617
1 78 -8244
1 79 14431
1 80 42253
1 81 62117
1 82 33189
1 83 -25881
1 84 57241
1 85 -42591
1 86 55813
1 87 -39022
1 88 -20958
1 89 32696
1 90 -64700
1 91 35151
1 92 -64518
1 93 62756
1 94 -62640
1 95 -16885
1 96 -10910
1 97 -15108
1 98 58040
1 99 54548
1 100 8470
1 101 12257
1 102 53344
1 103 23396
1 104 -48063
1 105 -27593
1 106 16226
1 107 51275
1 108 -46305
1 109 47477
1 110 -24613
1 111 -19203
1 112 56737
1 113 -46537
1 114 -9281
1 115 29530
1 116 8225
1 117 -59550
1 118 52446
1 119 20924
1 120 40424
1 121 -55849
1 122 39419
1 123 -35644
1 124 -3968
1 125 -18780
1 126 -40909
1 127 35660
1 128 40173
1 129 -50096
1 130 54819
1 131 42655
1 132 -64471
1 133 65286
1 134 -2747
1 135 43316
1 136 -4257
1 137 -36255
1 138 -44252
1 139 -49010
1 140 14172
1 141 -7711
1 142 57575
1 143 -16338
1 144 24218
1 145 55989
1 146 -63440
1 147 25082
1 148 60776
1 149 3225
1 150 -14679
1 151 25998
1 152 37898
1 153 27919
1 154 -51841
1 155 9259
1 156 -8198
1 157 25244
1 158 62972
1 159 -45972
1 160 29041
1 161 -32738
1 162 58485
1 163 -31695
1 164 21129
1 165 -18715
1 166 31024
1 167 20954
1 168 -30816
1 169 18018
1 170 56681
1 171 -40567
1 172 13674
1 173 49390
1 174 42929
1 175 31012
1 176 -63199
1 177 56491
1 178 -64802
1 179 -56232
1 180 20915
1 181 -18055
1 182 -10226
1 183 23947
1 184 25090
1 185 45682
1 186 -3784
1 187 -30290
1 188 65079
1 189 46293
1 190 19181
1 191 20707
1 192 -28064
1 193 -30387
1 194 52900
1 195 21565
1 196 -45662
1 197 -35377
1 198 58336
1 199 31733
1 200 46838
1 201 -25701
1 202 62327
1 203 -34873
1 204 50078
1 205 -15224
1 206 48056
1 207 -47209
1 208 -38605
1 209 -25018
1 210 22721
1 211 62752
1 212 -27681
1 213 21628
1 214 29137
1 215 -21828
1 216 24711
1 217 44151
1 218 12557
1 219 20197
1 220 -31936
1 221 -60735
1 222 -35867
1 223 49861
1 224 28919
1 225 -20614
1 226 27343
1 227 46394
1 228 34553
1 229 -11961
1 230 -7764
1 231 12383
1 232 37492
1 233 -22635
1 234 52073
1 235 11056
1 236 -14037
1 237 39179
1 238 -45146
1 239 26786
1 240 24678
1 241 -22868
1 242 48926
1 243 -19420
1 244 29241
1 245 43895
1 246 38317
1 247 41560
1 248 -31433
1 249 -48472
1 250 -30446
1 251 38003
1 252 -63270
1 253 -36625
1 254 -60888
1 255 60797
1 256 47173
1 257 -58476
1 258 4298
1 259 -39653
1 260 65108
1 261 -38231
1 262 -46175
1 263 28605
1 264 3668
1 265 -37170
1 266 19427
1 267 33140
1 268 -3211
1 269 13624
1 270 63988
1 271 -44632
1 272 38080
1 273 -3224
1 274 30104
1 275 -60027
1 276 -53069
1 277 43456
1 278 -45135
1 279 -34570
1 280 -37396
1 281 -33463
1 282 -47960
1 283 45641
1 284 -25164
1 285 2053
1 286 -46013
1 287 -64802
1 288 10388
1 289 -17710
1 290 4743
1 291 -45226
1 292 10286
1 293 53409
1 294 -23881
1 295 28630
1 296 35048
1 297 33993
1 298 -56916
1 299 -28377
1 300 20537
1 301 -58271
1 302 -55180
1 303 -42410
1 304 -23561
1 305 47882
1 306 2572
1 307 52321
1 308 -36622
1 309 3278
1 310 -24416
1 311 -8258
1 312 47054
1 313 -40387
1 314 26345
1 315 -40616
1 316 -5785
1 317 34686
1 318 -28863
1 319 14164
1 320 -32694
1 321 47126
1 322 -30978
1 323 44466
1 324 -971
1 325 -39011
1 326 -59805
1 327 -59577
1 328 56936
1 329 -40096
1 330 -63016
1 331 -53217
1 332 46382
1 333 -24157
1 334 12425
1 335 34119
1 336 -39473
1 337 -52309
1 338 -58931
1 339 -49782
1 340 -42098
1 341 9958
1 342 15226
1 343 -12620
1 344 -28839
1 345 -31029
1 346 18798
1 347 -2287
1 348 1492
1 349 -46595
1 350 -18234
1 351 -14670
1 352 -4199
1 353 -46174
1 354 6801
1 355 -55410
1 356 -15560
1 357 -4693
1 358 8191
1 359 40507
1 360 47787
1 361 -20869
1 362 27522
1 363 62469
1 364 63215
1 365 18145
1 366 33766
1 367 31345
1 368 38414
1 369 -3132
1 370 59286
1 371 20639
1 372 -42303
1 373 -49035
1 374 -7705
1 375 -17816
1 376 36652
1 377 -31625
1 378 1788
1 379 52378
1 380 -54153
1 381 23285
1 382 13302
1 383 -54298
1 384 53728
1 385 23449
1 386 25821
1 387 -39122
1 388 4039
1 389 29190
1 390 -38760
1 391 -64001
1 392 39195
1 393 -25821
1 394 54872
1 395 51669
1 396 52279
1 397 59787
1 398 -45893
1 399 8579
1 400 33916
1 401 -20549
1 402 -60125
1 403 51648
1 404 13752
1 405 -40567
1 406 55847
1 407 33606
1 408 -32434
1 409 -21973
1 410 61312
1 411 57507
1 412 -62450
1 413 29646
1 414 60185
1 415 -6316
1 416 36607
1 417 59618
1 418 -21106
1 419 47222
1 420 -44832
1 421 -28984
1 422 -57911
1 423 -60329
1 424 -20188
1 425 47146
1 426 -38922
1 427 -35324
1 428 -35140
1 429 -11274
1 430 65054
1 431 35635
1 432 17914
1 433 7917
1 434 -1102
1 435 -56541
1 436 -16304
1 437 -59988
1 438 43393
1 439 -15825
1 440 53169
1 441 33492
1 442 2664
1 443 19906
1 444 -6905
1 445 32949
1 446 5664
1 447 -44438
1 448 35317
1 449 50086
1 450 -46976
1 451 -23439
1 452 -32332
1 453 42229
1 454 24117
1 455 24140
1 456 50606
1 457 -19209
1 458 19868
1 459 1973
1 460 -20302
1 461 57186
1 462 8527
1 463 -40501
1 464 45786
1 465 2805
1 466 -22930
1 467 -46153
1 468 21996
1 469 -59596
1 470 136
1 471 -61205
1 472 -64382
1 473 10329
1 474 64314
1 475 16420
1 476 18825
1 477 2843
1 478 -9180
1 479 -16195
1 480 -23616
1 481 -1445
1 482 -15401
1 483 -44519
1 484 21267
1 485 -36786
1 486 6745
1 487 28565
1 488 35724
1 489 51706
1 490 6688
1 491 -17195
1 492 -15478
1 493 59006
1 494 43547
1 495 18667
1 496 -49664
1 497 -21839
1 498 60736
1 499 -4713
1 500 -46046
1 501 -65100
1 502 -16066
1 503 -24128
1 504 -46333
1 505 19161
1 506 -26308
1 507 -19689
1 508 -25562
1 509 60990
1 510 -62388
1 511 43684
